LE outsourcing

************************************
rand('twister',5489);

            m, n, t_original, t_cloud, t_custermer, asymmetric speedup,cloud efficiency

           50           50   0.00087883    0.0001656  9.8095e-005        8.959        5.307
          100          100   0.00049739   0.00052754   0.00011943       4.1647      0.94286
          200          200      0.00287    0.0030291   0.00046308       6.1977      0.94749
          400          400     0.016322     0.016272    0.0025984       6.2815       1.0031
          800          800      0.11233      0.11164     0.011158       10.068       1.0062
         1600         1600      0.78036      0.76718     0.041749       18.692       1.0172
************************************

************************************
rand('twister',5489);

          3200         3200       5.8874       5.8585      0.16657       35.346       1.0049
************************************