LR outsourcing

*****************************
rand('twister',5489);

m, n, t_original, t_cloud, t_custermer, asymmetric speedup,cloud efficiency

results =

           50           30   0.00093801   0.00010415  3.2875e-005       28.533        9.006
          100           60    0.0004385   0.00043542  6.6164e-005       6.6275       1.0071
          200          120    0.0027623    0.0027577   0.00018262       15.126       1.0017
          400          240     0.011791     0.011756   0.00088963       13.253        1.003
          800          480     0.076318     0.075454    0.0090261       8.4553       1.0114
         1600         1000       0.7169      0.71541     0.041492       17.278       1.0021
         4000         3000       12.554       12.528      0.38685       32.451        1.002
*****************************