LP outsourcing

*****************************
rand('twister',5489);

             m, n, t_original, t_cloud, t_custermer, asymmetric speedup,cloud efficiency           
           50          100     0.024316     0.025494   0.00035767       67.984      0.95379
          100          200     0.098784       0.1077    0.0025136       39.301      0.91725
          200          400      0.80248      0.92203      0.01112       72.167      0.87034
          400          800       6.5341       8.1014     0.047896       136.42      0.80654
          800         1600       62.275       51.103      0.37783       164.82       1.2186
*****************************